36.000000
36.013886
36.013886
36.055513
36.124784
36.124784
36.221541
36.221541
36.345564
36.496575
36.496575
36.674242
36.878178
36.878178
37.107951
37.363083
37.363083
37.643060
37.947332
37.947332
37.336309
37.696154
37.696154
38.078866
38.078866
38.483763
38.910153
39.357337
39.824616
39.824616
40.311289
39.962482
39.962482
40.496913
41.048752
41.617304
42.201896
42.201896
42.011903
42.638011
43.278170
43.931765
43.931765
43.863424
44.553339
45.254834
45.967380
46.010868
46.754679
47.507894
46.861498
47.634021
49.203658
48.600412
49.406477
50.219518
49.648766
49.929951
50.774009
51.107729
51.971146
51.478151
53.235327
52.773099
53.225934
54.129474
54.626001
55.154329
55.154329
54.781384
55.362442
55.027266
55.659680
56.320511
56.044625
57.008771
56.753854
57.489129
57.271284
57.070132
57.870545
57.706152
57.558666
57.428216
57.314920
58.215118
58.137767
58.077534
58.034473
58.008620
58.000000
58.008620
58.034473
58.077534
58.137767
58.215118
58.309519
58.420887
58.549125
58.694122
58.855756
58.051701
58.249464
58.463664
58.694122
57.974132
58.240879
58.523500
57.870545
58.189346
57.245087
57.939624
57.008771
56.462377
55.946403
55.036352
55.901699
55.901699
55.470713
53.712196
54.203321
53.851648
53.000000
52.697249
51.865210
51.039201
52.201533
52.201533
50.606324
49.819675
49.678969
48.918299
48.166378
46.690470
45.967380
45.254834
44.553339
19.104973
19.849433
19.849433
20.615528
20.615528
20.000000
20.000000
20.808652
20.808652
21.633308
21.633308
23.323808
23.323808
23.323808
22.825424
22.825424
24.596748
24.596748
23.259407
25.079872
25.079872
24.698178
25.632011
26.570661
26.248809
27.202941
27.202941
26.925824
26.925824
26.925824
27.658633
27.658633
27.459060
27.459060
28.284271
28.284271
28.160256
28.160256
28.071338
29.068884
29.068884
31.016125
31.016125
31.000000
32.015621
32.015621
32.062439
32.062439
32.140317
32.140317
33.241540
33.376639
33.376639
33.541020
34.713110
34.713110
34.928498
34.928498
35.171011
35.440090
35.735137
35.735137
36.055513
37.336309
37.696154
37.696154
38.078866
38.078866
38.483763
38.910153
39.357337
39.824616
39.824616
40.311289
40.816663
41.340053
41.880783
41.880783
41.617304
42.201896
42.801869
42.801869
44.045431
44.687806
45.343136
44.598206
45.276926
45.967380
46.669048
47.381431
46.690470
48.166378
48.918299
49.040799
49.819675
49.819675
50.000000
49.406477
50.219518
49.648766
51.312766
50.774009
51.107729
53.338541
53.712196
54.120237
54.120237
54.561891
55.036352
53.712196
54.230987
56.080300
55.713553
56.302753
55.027266
54.708317
55.362442
55.081757
57.008771
55.785303
55.317267
55.108983
56.089215
55.901699
55.731499
55.578773
55.443665
55.326305
56.222771
56.142675
56.080300
56.035703
56.008928
56.000000
56.008928
56.035703
56.080300
56.142675
56.222771
56.320511
56.435804
56.568542
56.718604
57.870545
56.089215
56.293872
56.515485
57.723479
55.785303
56.044625
57.567352
55.659680
55.973208
56.302753
55.713553
55.154329
55.154329
54.626001
55.036352
54.561891
55.009090
54.120237
53.712196
54.203321
53.851648
54.378304
52.697249
54.083269
52.430907
50.803543
50.000000
50.606324
49.819675
49.678969
48.918299
48.836462
48.836462
48.104054
46.669048
47.381431
46.690470
46.010868
45.343136
44.687806
44.821870
44.821870
43.600459
43.011626
43.011626
43.266615
42.720019
42.720019
42.190046
41.677332
41.182521
40.706265
40.249224
40.249224
39.812058
39.395431
39.000000
39.000000
38.626416
38.275318
37.947332
37.947332
37.643060
37.363083
37.363083
37.107951
36.878178
36.878178
36.674242
36.496575
36.496575
36.345564
36.221541
36.221541
36.124784
36.124784
36.055513
36.013886
36.013886
36.000000
